4294967279,125
4294967279,124
4294967279,123
4294967279,122
4294967279,121
4294967279,120
4294967279,119
4294967279,118
4294967279,117
4294967294,12
4294967294,104
4294967294,106
4294967294,166
4294967294,24
4294967294,175
4294967294,183
4294967294,1418
4294967278,14
4294967278,13
4294967278,12
4294967278,11
4294967278,10
4294967278,9
4294967278,8
4294967278,7
4294967278,6
4294967278,5
4294967278,4
4294967279,132
4294967279,131
4294967279,130
4294967279,129
4294967279,128
4294967279,127
4294967279,126
4294967278,217
4294967278,215
4294967278,260
4294967278,61
4294967278,59
4294967278,57
4294967278,56
4294967278,55
4294967278,53
4294967278,52
4294967278,51
4294967278,50
4294967278,49
4294967278,48
4294967278,381
4294967278,47
4294967278,46
4294967278,377
4294967278,45
4294967278,336
4294967278,44
4294967278,376
4294967278,43
4294967278,42
4294967278,41
4294967278,40
4294967278,39
4294967278,375
4294967278,38
4294967278,37
4294967278,380
4294967278,36
4294967278,334
4294967278,35
4294967278,34
4294967278,33
4294967278,32
4294967278,31
4294967278,370
4294967278,30
4294967278,332
4294967278,29
4294967278,28
4294967278,374
4294967278,27
4294967278,26
4294967278,25
4294967278,24
4294967278,23
4294967278,22
4294967278,21
4294967278,20
4294967278,273
4294967278,19
4294967278,18
4294967278,17
4294967278,16
4294967278,15
4294967279,399
4294967279,89
4294967279,86
4294967279,84
4294967279,80
4294967279,77
4294967279,71
4294967279,69
4294967279,68
4294967279,65
4294967279,60
4294967279,260
4294967279,57
4294967279,55
4294967279,54
4294967279,53
4294967279,52
4294967279,50
4294967279,49
4294967279,47
4294967279,45
4294967278,319
4294967278,212
4294967278,211
4294967278,209
4294967278,208
4294967278,207
4294967279,81
4294967278,394
4294967279,449
4294967278,202
4294967279,425
4294967278,201
4294967279,202
4294967278,200
4294967279,87
4294967279,201
4294967279,316
4294967278,199
4294967279,200
4294967278,390
4294967279,314
4294967279,198
4294967278,196
4294967279,195
4294967279,197
105,5
4294967278,195
105,4
4294967279,196
105,3
105,2
105,1
4294967279,312
4294967278,194
4294967279,194
4294967278,192
4294967279,193
4294967278,191
4294967278,353
4294967279,192
4294967278,190
4294967279,191
4294967294,439
4294967279,465
4294967279,76
4294967278,351
4294967279,75
4294967279,417
4294967278,187
4294967278,349
4294967279,464
4294967279,74
4294967278,186
4294967279,187
4294967278,185
4294967279,72
4294967279,186
4294967278,184
4294967279,185
4294967278,305
4294967279,453
4294967279,183
4294967278,181
4294967278,178
4294967279,182
103,6
4294967278,180
103,5
4294967279,181
103,4
4294967278,179
103,3
103,2
103,1
4294967278,302
4294967279,180
4294967278,345
4294967278,54
4294967279,414
4294967278,344
4294967279,63
4294967279,177
4294967279,448
4294967278,62
4294967278,343
4294967279,176
4294967278,173
4294967279,175
4294967279,412
4294967278,60
4294967278,172
4294967278,389
4294967279,173
4294967278,171
4294967279,303
4294967278,58
4294967278,299
4294967278,169
4294967279,170
4294967278,166
4294967278,168
4294967279,169
4294967278,167
4294967278,379
4294967279,168
4294967279,166
4294967279,165
4294967279,463
4294967279,411
4294967279,0
4294967279,164
4294967279,163
4294967279,162
100,4
100,3
100,2
100,1
4294967279,161
4294967294,114
4294967294,1037
4294967294,1031
4294967279,160
4294967294,387
4294967294,1018
4294967294,463
4294967294,164
4294967279,46
4294967279,159
4294967279,299
4294967279,158
99,6
4294967279,154
4294967279,278
4294967279,437
99,5
4294967279,153
4294967279,152
99,4
99,3
99,2
99,1
4294967279,151
4294967294,1423
4294967279,150
4294967279,149
4294967279,148
98,5
4294967279,146
98,4
4294967279,145
98,3
98,2
98,1
4294967279,404
4294967279,144
4294967294,176
4294967294,974
4294967294,438
4294967294,402
4294967294,979
4294967279,294
4294967279,293
4294967279,139
4294967279,279
4294967279,135
4294967294,89
4294967279,137
97,5
97,4
4294967279,136
97,3
97,2
97,1
4294967279,276
4294967279,133
4294967279,291
96,4
96,3
96,2
96,1
4294967279,290
4294967279,274
4294967279,273
4294967279,402
4294967279,272
4294967279,270
4294967279,269
4294967279,268
0,7
4294967279,287
4294967279,286
4294967294,470
4294967279,430
4294967279,285
4294967279,263
4294967279,447
4294967279,401
4294967278,393
4294967279,400
4294967278,365
4294967278,328
4294967294,393
4294967294,392
4294967294,390
4294967294,389
4294967294,115
4294967294,120
4294967294,426
4294967278,256
4294967278,326
4294967278,327
4294967278,287
4294967278,363
4294967278,255
4294967294,50
